Задайте количество строк и столбцов > 3: 10
Задайте значение коэффициента k: 2
----A----
[[  0. 101. 102. 103. 104. 105. 106. 107. 108.   0.]
 [ 90.   0.  92.  93.  94.  95.  96.  97.   0.  99.]
 [ 80.  81.   0.  83.  84.  85.  86.   0.  88.  89.]
 [ 70.  71.  72.   0.  74.  75.   0.  77.  78.  79.]
 [ 60.  61.  62.  63.   0.   0.  66.  67.  68.  69.]
 [ 50.  51.  52.  53.   0.   0.  56.  57.  58.  59.]
 [ 40.  41.  42.   0.  44.  45.   0.  47.  48.  49.]
 [ 30.  31.   0.  33.  34.  35.  36.   0.  38.  39.]
 [ 20.   0.  22.  23.  24.  25.  26.  27.   0.  29.]
 [  0.  11.  12.  13.  14.  15.  16.  17.  18.   0.]]
 
----F----
[[  0. 101. 102. 103. 104. 105. 106. 107. 108.   0.]
 [ 90.   0.  92.  93.  94.  95.  96.  97.   0.  99.]
 [ 80.  81.   0.  83.  84.  85.  86.   0.  88.  89.]
 [ 70.  71.  72.   0.  74.  75.   0.  77.  78.  79.]
 [ 60.  61.  62.  63.   0.   0.  66.  67.  68.  69.]
 [ 50.  51.  52.  53.   0.   0.  56.  57.  58.  59.]
 [ 40.  41.  42.   0.  44.  45.   0.  47.  48.  49.]
 [ 30.  31.   0.  33.  34.  35.  36.   0.  38.  39.]
 [ 20.   0.  22.  23.  24.  25.  26.  27.   0.  29.]
 [  0.  11.  12.  13.  14.  15.  16.  17.  18.   0.]]
 
Количество нулей в нечетных столбцах Е = 2
Произведение чисел в нечетных строках = 0.0

----F----
[[  0. 108. 107. 106. 105. 104. 103. 102. 101.   0.]
 [ 99.   0.  97.  96.  95.  94.  93.  92.   0.  90.]
 [ 89.  88.   0.  86.  85.  84.  83.   0.  81.  80.]
 [ 79.  78.  77.   0.  75.  74.   0.  72.  71.  70.]
 [ 69.  68.  67.  66.   0.   0.  63.  62.  61.  60.]
 [ 50.  51.  52.  53.   0.   0.  56.  57.  58.  59.]
 [ 40.  41.  42.   0.  44.  45.   0.  47.  48.  49.]
 [ 30.  31.   0.  33.  34.  35.  36.   0.  38.  39.]
 [ 20.   0.  22.  23.  24.  25.  26.  27.   0.  29.]
 [  0.  11.  12.  13.  14.  15.  16.  17.  18.   0.]]
 
----A*AT – K * F-1----
[[87404.03 59268.99 53010.98 46748.98 40482.97 34213.03 27939.03 21661.04 15379.04 12163.86]
 [59268.99 71500.05 47956.98 42294.97 36628.97 30959.04 25285.04 19607.05 18579.84  8239.06]
 [53010.99 47956.98 57192.09 37836.96 32770.95 27701.05 22627.06 23391.79 12467.08  7381.09]
 [46748.98 42294.96 37836.95 44480.19 28908.92 24439.09 26599.69 15487.12 11005.13  6519.14]
 [40482.94 36628.89 32770.85 28908.81 33364.69 28203.19 17299.31 13421.35  9539.39  5653.44]
 [34213.06 30959.1  27701.14 24439.18 28203.32 23844.82 14628.68 11350.64  8068.6   4782.56]
 [27939.02 25285.03 22627.05 26599.82 17299.07 14628.91 15920.32  9276.88  6594.87  3908.85]
 [21661.01 19607.02 23391.92 15487.04 13421.04 11350.94  9276.94  9592.22  5116.92  3030.91]
 [15379.01 18579.96 12467.02 11005.02  9539.03  8068.96  6594.95  5116.95  4860.18  2148.94]
 [12163.99  8239.01  7381.01  6519.02  5653.02  4782.97  3908.96  3030.96  2148.95  1724.15]]
Время выполнения: 0.15625
